ruben
39
27
20
0
51.393840
4.477338
280519
18011300
ruben
39
27
20
0
51.393840
4.477338
280519
18011400
ruben
39
27
13
0
51.393848
4.477337
280519
18011500
ruben
39
27
20
400
51.393856
4.477336
280519
18011600
ruben
40
27
10
400
51.393871
4.477329
280519
18011800
ruben
40
27
10
400
51.393867
4.477323
280519
18011900
ruben
40
27
10
400
51.393867
4.477331
280519
18012000
ruben
40
27
10
400
51.393863
4.477337
280519
18012100
ruben
40
27
10
400
51.393863
4.477339
280519
18012200
ruben
40
27
10
400
51.393878
4.477333
280519
18012400
ruben
40
27
10
492
51.393878
4.477333
280519
18012500
ruben
40
27
10
524
51.393882
4.477335
280519
18012600
ruben
40
27
10
534
51.393890
4.477336
280519
18012700
ruben
40
27
16
556
51.393901
4.477333
280519
18012800
ruben
40
27
16
584
51.393894
4.477340
280519
18012900
ruben
39
27
16
657
51.393886
4.477347
280519
18013100
ruben
39
27
16
679
51.393886
4.477345
280519
18013200
ruben
39
27
16
657
51.393882
4.477340
280519
18013300
ruben
39
27
16
666
51.393882
4.477339
280519
18013400
ruben
39
27
16
637
51.393886
4.477352
280519
18013600
ruben
39
27
16
637
51.393878
4.477358
280519
18013700
ruben
39
27
16
637
51.393875
4.477359
280519
18013800
ruben
39
27
16
643
51.393871
4.477360
280519
18013900
ruben
39
27
16
643
51.393863
4.477360
280519
18014000
ruben
39
27
16
643
51.393848
4.477357
280519
18014100
ruben
39
27
10
623
51.393836
4.477361
280519
18014300
ruben
39
27
3
615
51.393836
4.477356
280519
18014400
ruben
39
27
3
588
51.393833
4.477350
280519
18014500
ruben
39
27
3
584
51.393825
4.477347
280519
18014600
ruben
39
27
3
594
51.393821
4.477355
280519
18014800
ruben
39
27
3
615
51.393821
4.477355
280519
18014900
ruben
39
27
3
633
51.393821
4.477357
280519
18015000
ruben
39
27
3
633
51.393829
4.477352
280519
18015100
ruben
39
27
13
623
51.393833
4.477354
280519
18015200
ruben
39
27
16
567
51.393833
4.477354
280519
18015400
ruben
39
27
16
556
51.393833
4.477355
280519
18015500
ruben
39
27
6
546
51.393833
4.477349
280519
18015600
ruben
39
27
3
534
51.393825
4.477345
280519
18015700
ruben
39
27
3
492
51.393829
4.477342
280519
18015800
ruben
39
27
16
486
51.393829
4.477335
280519
18015900
ruben
39
27
16
478
51.393833
4.477332
280519
18020100
ruben
39
27
3
478
51.393825
4.477332
280519
18020200
